#!/usr/bin/env python3

import numpy as np
import matplotlib.pyplot as plt

# Data as a list of tuples: (x, y, value)
data = [
    (-5, -5, 1), (-5, -4, 0.905539), (-5, -3, 0.824621), (-5, -2, 0.761577),
    (-5, -1, 0.72111), (-5, 0, 0.707107), (-5, 1, 0.72111), (-5, 2, 0.761577),
    (-5, 3, 0.824621), (-5, 4, 0.905539), (-5, 5, 1), (-4, -5, 0.905539),
    (-4, -4, 0.8), (-4, -3, 0.707107), (-4, -2, 0.632456), (-4, -1, 0.583095),
    (-4, 0, 0.565685), (-4, 1, 0.583095), (-4, 2, 0.632456), (-4, 3, 0.707107),
    (-4, 4, 0.8), (-4, 5, 0.905539), (-3, -5, 0.824621), (-3, -4, 0.707107),
    (-3, -3, 0.6), (-3, -2, 0.509902), (-3, -1, 0.447214), (-3, 0, 0.424264),
    (-3, 1, 0.447214), (-3, 2, 0.509902), (-3, 3, 0.6), (-3, 4, 0.707107),
    (-3, 5, 0.824621), (-2, -5, 0.761577), (-2, -4, 0.632456), (-2, -3, 0.509902),
    (-2, -2, 0.4), (-2, -1, 0.316228), (-2, 0, 0.282843), (-2, 1, 0.316228),
    (-2, 2, 0.4), (-2, 3, 0.509902), (-2, 4, 0.632456), (-2, 5, 0.761577),
    (-1, -5, 0.72111), (-1, -4, 0.583095), (-1, -3, 0.447214), (-1, -2, 0.316228),
    (-1, -1, 0.2), (-1, 0, 0.141421), (-1, 1, 0.2), (-1, 2, 0.316228),
    (-1, 3, 0.447214), (-1, 4, 0.583095), (-1, 5, 0.72111), (0, -5, 0.707107),
    (0, -4, 0.565685), (0, -3, 0.424264), (0, -2, 0.282843), (0, -1, 0.141421),
    (0, 0, 0), (0, 1, 0.141421), (0, 2, 0.282843), (0, 3, 0.424264),
    (0, 4, 0.565685), (0, 5, 0.707107), (1, -5, 0.72111), (1, -4, 0.583095),
    (1, -3, 0.447214), (1, -2, 0.316228), (1, -1, 0.2), (1, 0, 0.141421),
    (1, 1, 0.2), (1, 2, 0.316228), (1, 3, 0.447214), (1, 4, 0.583095),
    (1, 5, 0.72111), (2, -5, 0.761577), (2, -4, 0.632456), (2, -3, 0.509902),
    (2, -2, 0.4), (2, -1, 0.316228), (2, 0, 0.282843), (2, 1, 0.316228),
    (2, 2, 0.4), (2, 3, 0.509902), (2, 4, 0.632456), (2, 5, 0.761577),
    (3, -5, 0.824621), (3, -4, 0.707107), (3, -3, 0.6), (3, -2, 0.509902),
    (3, -1, 0.447214), (3, 0, 0.424264), (3, 1, 0.447214), (3, 2, 0.509902),
    (3, 3, 0.6), (3, 4, 0.707107), (3, 5, 0.824621), (4, -5, 0.905539),
    (4, -4, 0.8), (4, -3, 0.707107), (4, -2, 0.632456), (4, -1, 0.583095),
    (4, 0, 0.565685), (4, 1, 0.583095), (4, 2, 0.632456), (4, 3, 0.707107),
    (4, 4, 0.8), (4, 5, 0.905539), (5, -5, 1), (5, -4, 0.905539),
    (5, -3, 0.824621), (5, -2, 0.761577), (5, -1, 0.72111), (5, 0, 0.707107),
    (5, 1, 0.72111), (5, 2, 0.761577), (5, 3, 0.824621), (5, 4, 0.905539),
    (5, 5, 1)
]

# Prepare the data for plotting
x_values = sorted(set(x for x, y, value in data))
y_values = sorted(set(y for x, y, value in data))
z_values = np.zeros((len(y_values), len(x_values)))

# Fill the z-values based on the data
for x, y, value in data:
    x_idx = x_values.index(x)
    y_idx = y_values.index(y)
    z_values[y_idx, x_idx] = value

# Create the plot
plt.figure(figsize=(10, 8))
plt.imshow(z_values, extent=[min(x_values), max(x_values), min(y_values), max(y_values)],
           origin='lower', cmap='viridis', aspect='auto')
plt.colorbar(label='Value')
plt.title('Heatmap of Values')
plt.xlabel('X-axis')
plt.ylabel('Y-axis')
plt.xticks(x_values)
plt.yticks(y_values)
plt.grid(False)
plt.show()